1.6454211342745872
-0.887196890423664
0.148245766472379
-0.9263305767126715
1.6470997482337886
-0.8501700444277351
0.14929168952658203
-0.9679633957640033
1.6521728157668414
-0.8149031447562048
0.15140682615772036
-1.0125476878387738
1.6607540818113862
-0.7810824944992606
0.15463905908014966
-1.0606141035716734
1.6730402316663768
-0.7484169240542282
0.15906360432883615
-1.112795056005292
1.689322353954804
-0.7166278662005625
0.16478749132396436
-1.1698555867003315
1.7100037272825968
-0.6854394153783903
0.17195629703798626
-1.2327348891266945
1.7356260432661226
-0.6545675291496249
0.18076396398057992
-1.302603350240802
1.7669074307805186
-0.6237073110217772
0.19146701897531115
-1.3809425910224669
1.8047976324201465
-0.5925168899637099
0.2044052990674183
-1.4696603374977268
1.8505589654930976
-0.5605956486965273
0.22003261988915682
-1.5712593971841964
1.9058873288507476
-0.5274531873376406
0.2389631454461473
-1.689093196362832
1.9730975544889324
-0.4924629146198173
0.2620434482827968
-1.8277646180817355
2.0554160796806986
-0.4547894365915308
0.2904683055778517
-1.9937717314296157
2.1574603912770693
-0.41326954433027385
0.32597444319515817
-2.196599396413228
2.286060069975493
-0.3662069183164147
0.3711809354353981
-2.4506628175297847
2.451740850886341
-0.3109963187231173
0.4302242178750817
-2.7789949438584434
2.6715926280701727
-0.2433841546847636
0.5100350607815964
-3.220824331793329
2.9753031976568955
-0.1558745138889881
0.6231677459907285
-3.848854300192922
3.4193524217295366
-0.03385170936501697
0.7949414778445065
-4.814663639857572
4.125988369636247
0.15559687734998212
1.0851729110662185
-6.495498800362564
5.418178758045557
0.5055259606338167
1.6772390610452028
-10.163255340948176
8.518170587832726
1.4225545234681487
3.5376579442246974
-24.499033087686733
25.844853593070255
12.02652957369725
-53.39873968641007
52.634191532988126
-18.362534005438107
-3.4135997418245854
-3.2492864112630446
12.29912541430621
-6.022157920128475
-1.8108744018985958
-1.7113063175581638
6.831398033388738
-3.314258082225135
-1.3391147706867825
-1.178499318796954
4.661127399885756
-2.129086263148526
-1.108734073888106
-0.9087088969828788
3.494896516204822
-1.4655031594290473
-0.9693970650655117
-0.7460786366460215
2.7658191396851812
-1.0421882394227397
-0.8741981250391011
-0.6375730242162119
2.2661739590669097
-0.7492765977863889
-0.8037596801224185
-0.5601924811607842
1.901850209102356
-0.5350121949534994
-0.7486166442668619
-0.5023482884423874
1.6240175071947762
-0.37181876446309203
-0.703593216809894
-0.4575674572395215
1.4048164868055846
-0.24365771599821515
-0.6656177224269382
-0.4219509117554452
1.2271918952365988
-0.14056680248156406
-0.6327498870092738
-0.39301018771992147
1.0801176722687524
-0.0560325935604879
-0.6037021235063238
-0.36908273440825945
0.9561487289128472
0.014382176292768278
-0.5775849497666092
-0.3490157747614615
0.8500760750895506
0.07380402313320134
-0.5537629597896707
-0.33198504906659076
0.758145699140631
0.1244987668076114
-0.5317691079312059
-0.31738576101311144
0.6775834984053949
0.16814806463463716
-0.5112514938089516
-0.3047642620073756
0.606294935483326
0.20602575869754425
-0.4919391171529064
-0.2937737613615212
0.5426687764501468
0.23911396693157805
-0.47361914825880547
-0.2841447517038529
0.485445127257347
0.26818163984105325
-0.45612142926636423
-0.27566474625540427
0.4336244637964921
0.2938390129320032
-0.4393076513065326
-0.268164079182123
0.3864035290878334
0.3165761599339094
-0.4230636343795178
-0.2615057541907003
0.34312927344017363
0.33679080765460734
-0.40729371354362254
-0.2555780571442982
0.30326517711654694
0.354808743348912
-0.39191658418119735
-0.2502890939810055
0.26636623740055426
0.3708990144595541
-0.3768621763047624
-0.24556269410298417
0.23206012531724696
0.385285403959156
-0.36206926626147307
-0.2413352981493566
0.20003280566037335
0.3981552001765346
-0.3474836243092926
-0.23755356609388728
0.17001743271416053
0.40966597295047014
-0.33305655637265497
-0.23417251972556602
0.1417856818604551
0.41995086114470137
-0.31874373871945383
-0.2311540866429655
0.11514091450206154
0.4291227348828075
-0.304504272059011
-0.22846594954093194
0.08991273812667638
0.437277497283038
-0.290299900885159
-0.22608063025609487
0.06595263891261938
0.44449672088308123
-0.27609435750489686
-0.22397475629640262
0.04313044662566046
0.4508497641508784
-0.2618527998827791
-0.22212847072939518
0.021331450956747267
0.4563954773907031
-0.24754131937495905
-0.22052495589257617
0.00045403178957348356
0.4611835808783855
-0.23312649941865937
-0.21915004846656916
-0.01959230215785157
0.46525577840112886
-0.2185750098205737
-0.21799192873850856
-0.03888854808114739
0.4686466546020366
-0.20385322382022858
-0.21704087088161067
-0.0575075811186207
0.4713843932817421
-0.18892684684215166
-0.21628904414177805
-0.07551531401851397
0.4734913451254692
-0.17376054696522003
-0.2157303572067228
-0.09297168447985116
0.4749844665085359
-0.1583175777400938
-0.2153603399225987
-0.10993150228299992
0.4758756455771145
-0.14255938414530683
-0.21517605805341372
-0.12644518222314322
0.47617192732289093
-0.12644518222314344
-0.21517605805341614
-0.14255938414530517
0.4758756455771146
-0.1099315022829997
-0.21536033992259798
-0.15831757774009447
0.4749844665085362
-0.09297168447985016
-0.21573035720672332
-0.1737605469652193
0.4734913451254694
-0.07551531401851141
-0.21628904414177832
-0.1889268468421535
0.4713843932817421
-0.05750758111862031
-0.21704087088161128
-0.20385322382022902
0.46864665460203625
-0.03888854808114722
-0.21799192873850765
-0.21857500982057404
0.46525577840112886
-0.019592302157851238
-0.21915004846657077
-0.23312649941865787
0.46118358087838596
0.00045403178956804346
-0.22052495589257315
-0.24754131937496016
0.4563954773907043
0.021331450956749765
-0.22212847072939268
-0.2618527998827769
0.4508497641508782
0.04313044662565724
-0.22397475629640226
-0.2760943575048982
0.4444967208830788
0.06595263891261943
-0.2260806302560953
-0.2902999008851579
0.43727749728303755
0.08991273812667677
-0.22846594954093294
-0.30450427205901165
0.4291227348828073
0.11514091450206132
-0.23115408664296552
-0.31874373871945383
0.4199508611447009
0.14178568186045504
-0.23417251972556624
-0.3330565563726542
0.4096659729504699
0.17001743271416125
-0.2375535660938874
-0.34748362430929314
0.3981552001765353
0.20003280566037573
-0.24133529814935464
-0.36206926626147307
0.38528540395915645
0.2320601253172474
-0.2455626941029865
-0.37686217630476104
0.37089901445955364
0.2663662374005543
-0.25028909398100563
-0.39191658418119735
0.35480874334891244
0.30326517711654577
-0.2555780571442989
-0.4072937135436221
0.336790807654608
0.3431292734401737
-0.2615057541907018
-0.42306363437951866
0.31657615993390986
0.38640352908783276
-0.2681640791821235
-0.4393076513065344
0.2938390129320032
0.43362446379649167
-0.27566474625540394
-0.4561214292663651
0.26818163984105503
0.48544512725734856
-0.2841447517038538
-0.47361914825880724
0.23911396693158338
0.5426687764501343
-0.29377376136151767
-0.4919391171529135
0.20602575869754247
0.6062949354833302
-0.30476426200737583
-0.5112514938089481
0.16814806463463894
0.6775834984053954
-0.31738576101311144
-0.5317691079312059
0.12449876680761096
0.7581456991406299
-0.33198504906659104
-0.5537629597896698
0.07380402313320067
0.8500760750895507
-0.3490157747614605
-0.5775849497666101
0.014382176292767834
0.956148728912849
-0.36908273440825895
-0.6037021235063251
-0.05603259356048795
1.080117672268752
-0.39301018771992147
-0.6327498870092734
-0.14056680248156433
1.2271918952365988
-0.4219509117554457
-0.6656177224269375
-0.24365771599821578
1.4048164868055841
-0.45756745723952047
-0.7035932168098946
-0.37181876446309226
1.6240175071947782
-0.5023482884423927
-0.7486166442668617
-0.5350121949535
1.9018502091023535
-0.560192481160785
-0.8037596801224176
-0.74927659778639
2.2661739590669097
-0.6375730242162125
-0.8741981250390991
-1.0421882394227397
2.7658191396851812
-0.7460786366460208
-0.9693970650655102
-1.465503159429048
3.494896516204828
-0.9087088969828787
-1.1087340738881053
-2.129086263148528
4.661127399885754
-1.1784993187969537
-1.3391147706867805
-3.3142580822251357
6.831398033388739
-1.7113063175581664
-1.8108744018985887
-6.0221579201284765
12.299125414306214
-3.2492864112630455
-3.413599741824575
-18.362534005438114
52.634191532988126
-53.39873968641004
12.026529573697214
25.84485359307027
-24.49903308768674
3.5376579442246983
1.4225545234681467
8.518170587832731
-10.16325534094818
1.6772390610452053
0.5055259606338132
5.418178758045559
-6.495498800362564
1.0851729110662196
0.15559687734998073
4.125988369636249
-4.814663639857579
0.7949414778445071
-0.03385170936501658
3.4193524217295366
-3.8488543001929205
0.6231677459907292
-0.1558745138889897
2.9753031976568964
-3.2208243317933305
0.510035060781597
-0.2433841546847651
2.6715926280701736
-2.7789949438584434
0.43022421787508236
-0.3109963187231186
2.4517408508863414
-2.450662817529788
0.371180935435402
-0.36620691831641544
2.2860600699754916
-2.1965993964132267
0.3259744431951587
-0.4132695443302756
2.15746039127707
-1.9937717314296157
0.2904683055778526
-0.4547894365915324
2.0554160796806995
-1.827764618081736
0.26204344828279785
-0.4924629146198184
1.9730975544889335
-1.6890931963628333
0.23896314544614686
-0.5274531873376402
1.905887328850749
-1.5712593971841953
0.22003261988915684
-0.560595648696529
1.8505589654930992
-1.4696603374977286
0.20440529906741867
-0.5925168899637113
1.8047976324201498
-1.38094259102247
0.1914670189753101
-0.6237073110217783
1.76690743078052
-1.3026033502408048
0.1807639639805856
-0.6545675291496259
1.735626043266123
-1.2327348891266938
0.17195629703798598
-0.6854394153783913
1.7100037272825963
-1.1698555867003306
0.16478749132396406
-0.7166278662005625
1.689322353954804
-1.1127950560052906
0.15906360432883543
-0.7484169240542273
1.6730402316663764
-1.0606141035716747
0.15463905908015038
-0.7810824944992586
1.6607540818113855
-1.0125476878387727
0.15140682615772016
-0.8149031447562056
1.6521728157668418
-0.9679633957640021
0.1492916895265826
-0.8501700444277367
1.647099748233788
-0.9263305767126708
0.14824576647237636
-0.8871968904236631
0
-0.7560971100272365
-0.0044651015113016754
0.7267350947639186
0.06829793911697178
-0.7866898786109833
-0.01343925643197086
0.6983181252768277
0.1372704064606553
-0.8188274841709722
-0.022546880752359343
0.6705784867120776
0.20761682211867438
-0.8528644085535909
-0.03188245927912395
0.6432569081507211
0.28008835008321153
-0.8892101753271157
-0.04154919346286872
0.616093114955884
0.35551893985431615
-0.9283479166210977
-0.051663471189303506
0.5888157198426798
0.43486338305926797
-0.970858687602699
-0.06236048692426713
0.5611305501856021
0.5192462668799718
-1.017454191899216
-0.07380162160528721
0.5327062193965284
0.6100274754880606
-1.0690219364282145
-0.08618449023335206
0.5031552320653356
0.708892835057192
-1.1266890630504618
-0.09975706463291814
0.4720080155044943
0.8179834685986314
-1.1919148653565237
-0.1148381320657253
0.4386757077641462
0.9400860361663401
-1.2666285454734665
-0.13184785170049151
0.4023947436044656
1.0789214527091737
-1.3534405857099663
-0.15135491149464453
0.3621411249433458
1.2395984128845559
-1.4559783779477276
-0.17415201384954002
0.316492303320828
1.4293542173761264
-1.5794408416137475
-0.2013819095328641
0.26339431282700415
1.6588214933452667
-1.7315593205513036
-0.23475858929362012
0.19974773713001182
1.9443160187818804
-1.9243605257702572
-0.2769796842458811
0.12062273456678052
2.3122563032187853
-2.1776390505560546
-0.332555555139287
0.017646395397164838
2.8084598536323635
-2.5264467629438254
-0.4096459428225846
-0.12467388788916689
3.52001056188759
-3.0393152482504675
-0.524695807338416
-0.33861012893985604
4.635303067744692
-3.8707882155377327
-0.7165427084306851
-0.7044454030442668
6.651938799084892
-5.458098260883602
-1.104230463853546
-1.4928061198009532
11.452871175375973
-9.712286653553889
-2.315163991404405
-4.550694738389323
38.169692504412765
-59.49784756041073
34.640860749926226
11.852479607409634
-29.908456961313696
13.126481565032776
2.084124593421819
3.2633391032314463
-10.874195298709296
5.645806995904163
1.0827043686301696
2.092699589556448
-6.6794108296559545
3.4798314545689055
0.733831786553474
1.6237604871885183
-4.830839924636091
2.447456115973546
0.55574430867977
1.3685637136858806
-3.7861701033580433
1.84216690569732
0.44726573524109087
1.206487457252138
-3.1119857234620945
1.4435793806456523
0.37396445168579656
1.0933262304248035
-2.6390037641315383
1.1606907606318724
0.32090636169124287
1.0090468054001676
-2.287460736347526
0.9490847271415983
0.2805647302826136
0.943250266568189
-2.0148440575206252
0.7845019996182173
0.24873378953052835
0.8899999049587757
-1.7964164697780063
0.6525701742077104
0.22287874057409063
0.8456580591502905
-1.6168025783408666
0.5442321561793081
0.20138059581945345
0.8078701547116877
-1.465940935891849
0.4534964840295671
0.18315661261292754
0.7750437743865741
-1.3369692961780917
0.3762410837842811
0.16745505780416764
0.7460624790346071
-1.225045336158674
0.30953662146022887
0.1537375305814509
0.7201195744770288
-1.126653206849837
0.25124391945473634
0.1416081550256395
0.6966169955191202
-1.0391774002709502
0.19976411876755096
0.1307692178354547
0.6751013660033012
-0.9606309599030709
0.15387799356153575
0.12099240250841703
0.655222204361614
-0.889476520139489
0.11263938444306021
0.11209957596945808
0.636703809901368
-0.8245051700529888
0.07530261413692574
0.10394961999629704
0.6193258711849396
-0.7647524509558963
0.041271879588781646
0.09642919838984126
0.6029097905708194
-0.7094388464738537
0.010065229196724812
0.08944615184014171
0.5873088471142602
-0.6579268135380403
-0.018711555431565552
0.08292468669658135
0.5724009931220174
-0.6096892217642464
-0.04538421249406954
0.07680181303806863
0.5580834928960752
-0.5642858109948318
-0.07022440609148173
0.07102466846371532
0.5442688724599918
-0.5213453806845664
-0.09346065305307422
0.0655484800417967
0.5308818167702916
-0.4805521400415055
-0.11528671433970611
0.060334992806160795
0.5178567612421927
-0.44163512070310407
-0.13586811333032484
0.05535124387800748
0.5051359983683086
-0.40435987215725633
-0.15534725286781137
0.050568595718454526
0.49266817062343077
-0.368521878169002
-0.17384747200138823
0.04596196577717092
0.48040705575147713
-0.33394128409047424
-0.19147629196325272
0.04150920644193229
0.4683105750316218
-0.30045863183996346
-0.20832803622749366
0.0371906010036709
0.45633997253403036
-0.2679313756877739
-0.22448596312626218
0.032988449836148064
0.44445912588495967
-0.2362310071503942
-0.2400240158633207
0.028886727152186972
0.4326339581271227
-0.20524065756525667
-0.25500827010482713
0.024870793218606656
0.4208319268744576
-0.17485307658362673
-0.2694981410688355
0.020927150254841834
0.40902157179856397
-0.14496890683525998
-0.2835473983959594
0.01704323272874619
0.3971721050171543
-0.1154951914458317
-0.29720502681695754
0.013207224622822804
0.38525303150793544
-0.08634406337723233
-0.31051596285446426
0.009407897635224077
0.37323378847184197
-0.05743157473731468
-0.32352173187552713
0.005634465315261256
0.3610833937724991
-0.028676630999528975
-0.33626100529493563
0.0018764488933211937
0.3487700942884434
0
-0.348770094288444
-0.0018764488933198389
0.33626100529493325
0.028676630999529034
-0.36108339377249954
-0.005634465315261015
0.3235217318755276
0.05743157473731468
-0.3732337884718419
-0.009407897635224167
0.31051596285446426
0.0863440633772321
-0.38525303150793555
-0.013207224622822478
0.29720502681695604
0.11549519144583165
-0.3971721050171545
-0.01704323272874684
0.2835473983959591
0.14496890683525884
-0.40902157179856413
-0.020927150254840404
0.2694981410688368
0.174853076583627
-0.42083192687445714
-0.02487079321860655
0.2550082701048304
0.20524065756525495
-0.43263395812712435
-0.028886727152187805
0.24002401586331795
0.23623100715039552
-0.44445912588495134
-0.03298844983614468
0.22448596312626615
0.26793137568777314
-0.45633997253402997
-0.0371906010036703
0.2083280362274929
0.300458631839962
-0.4683105750316197
-0.04150920644193207
0.19147629196325208
0.3339412840904736
-0.4804070557514788
-0.045961965777172265
0.17384747200138703
0.36852187816900206
-0.4926681706234322
-0.050568595718453666
0.1553472528678127
0.404359872157256
-0.5051359983683084
-0.055351243878007717
0.13586811333032367
0.4416351207031034
-0.5178567612421925
-0.060334992806160434
0.11528671433970722
0.48055214004150426
-0.5308818167702903
-0.06554848004179367
0.09346065305307416
0.521345380684566
-0.5442688724599923
-0.07102466846371447
0.07022440609148184
0.5642858109948315
-0.5580834928960752
-0.07680181303806904
0.045384212494069986
0.6096892217642464
-0.5724009931220158
-0.08292468669658085
0.018711555431564886
0.6579268135380403
-0.58730884711426
-0.08944615184014221
-0.010065229196726089
0.7094388464738528
-0.6029097905708198
-0.09642919838984143
-0.04127187958878026
0.7647524509558963
-0.6193258711849396
-0.10394961999629715
-0.07530261413692618
0.8245051700529888
-0.6367038099013671
-0.11209957596945852
-0.11263938444305577
0.8894765201394854
-0.6552222043616176
-0.12099240250841348
-0.1538779935615393
0.9606309599030727
-0.675101366003303
-0.13076921783545492
-0.19976411876755007
1.0391774002709502
-0.6966169955191166
-0.1416081550256394
-0.25124391945473645
1.126653206849837
-0.7201195744770277
-0.15373753058145173
-0.3095366214602291
1.225045336158673
-0.7460624790346052
-0.16745505780416742
-0.376241083784282
1.3369692961780915
-0.7750437743865736
-0.18315661261292743
-0.45349648402956766
1.4659409358918485
-0.8078701547116853
-0.2013805958194535
-0.5442321561793082
1.616802578340866
-0.845658059150289
-0.22287874057409077
-0.652570174207711
1.7964164697780045
-0.8899999049587743
-0.24873378953052708
-0.7845019996182194
2.0148440575206252
-0.9432502665681933
-0.2805647302826189
-0.9490847271415963
2.2874607363475237
-1.0090468054001651
-0.32090636169124265
-1.1606907606318726
2.6390037641315374
-1.0933262304248008
-0.3739644516857976
-1.443579380645652
3.1119857234620945
-1.206487457252139
-0.4472657352410912
-1.8421669056973209
3.7861701033580424
-1.3685637136858784
-0.555744308679772
-2.447456115973546
4.830839924636088
-1.623760487188515
-0.7338317865534741
-3.479831454568906
6.679410829655953
-2.092699589556444
-1.0827043686301714
-5.64580699590416
10.874195298709292
-3.263339103231444
-2.0841245934218238
-13.126481565032776
29.908456961313696
-11.852479607409602
-34.64086074992625
59.49784756041075
-38.169692504412744
4.550694738389305
2.315163991404406
9.712286653553887
-11.45287117537597
1.4928061198009444
1.1042304638535492
5.458098260883601
-6.65193879908489
0.7044454030442651
0.7165427084306868
3.870788215537734
-4.635303067744692
0.3386101289398523
0.5246958073384181
3.039315248250469
-3.520010561887588
0.12467388788916423
0.4096459428225854
2.5264467629438254
-2.808459853632363
-0.01764639539716728
0.3325555551392877
2.1776390505560546
-2.312256303218785
-0.12062273456678196
0.27697968424588515
1.9243605257702578
-1.9443160187818802
-0.19974773713001154
0.23475858929362642
1.7315593205513051
-1.658821493345266
-0.26339431282700526
0.20138190953286422
1.5794408416137478
-1.4293542173761256
-0.3164923033208295
0.17415201384954093
1.4559783779477258
-1.2395984128845547
-0.3621411249433485
0.15135491149464497
1.3534405857099647
-1.0789214527091733
-0.40239474360446686
0.13184785170049312
1.2666285454734663
-0.940086036166339
-0.4386757077641465
0.11483813206572585
1.1919148653565237
-0.8179834685986299
-0.47200801550449445
0.09975706463291799
1.126689063050462
-0.7088928350571913
-0.5031552320653467
0.08618449023335223
1.0690219364282079
-0.6100274754880601
-0.532706219396532
0.07380162160528982
1.0174541918992146
-0.5192462668799701
-0.5611305501856028
0.06236048692426691
0.9708586876026983
-0.43486338305926786
-0.5888157198426809
0.0516634711893043
0.9283479166210971
-0.3555189398543148
-0.6160931149558817
0.041549193462869505
0.889210175327115
-0.28008835008321104
-0.6432569081507225
0.03188245927912415
0.8528644085535906
-0.20761682211867438
-0.6705784867120785
0.0225468807523596
0.8188274841709711
-0.1372704064606547
-0.6983181252768272
0.013439256431970702
0.7866898786109833
-0.06829793911697127
-0.7267350947639207
0.004465101511304394
0.7560971100272361