0
0.9129452507276277
0.7451131604793488
-0.3048106211022167
-0.9938886539233752
-0.5063656411097588
0.5806111842123143
0.9802396594403116
0.21942525837900473
-0.8011526357338304
-0.8732972972139946
0.08839871248753149
0.9454451549211168
0.6832397038158508
-0.3878094208292295
-0.9997558399011495
-0.42815542808445156
0.6503107401625525
0.9589157234143065
0.13232187086982847
-0.8509193596391765
-0.8268117243068012
0.176105293265966
0.970542546651256
0.6160167137641636
-0.46777180532247614
-0.9977952793125009
-0.34659290437655327
0.7149185852567496
0.9300838049771285
0.044182448331873195
-0.8940236757546596
-0.773852498155771
0.2624330297809573
0.9880409219176677
0.5439705233633756
-0.5440716964379951
-0.9880223226768295
-0.26231667667323905
0.773928862147125
0.8939696481970214
-0.044302907677458626
-0.9301280920157128
-0.7148342714031982
0.3467060053575308
0.9978032744219705
0.46766522966301216
-0.6161116921033395
-0.9705134889047492
-0.17598659903657765
0.8268795405320025
0.8508560145797973
-0.13244138705990416
-0.9589499231814597
-0.6502191365954637
0.4282643913966589
0.9997531682802758
0.3876982770359131
-0.6833277437716457
-0.9454058661811658
-0.08827860647172615
0.8733560346951758
0.8010804691428774
-0.21954289564264626
-0.9802635041635444
-0.5805130081563131
0.5064696136076988
0.9938753364900367
0.3046957793929669
-0.7451935727289959
-0.9128960386116399
0.00012057741316403747
0.9129944495703841
0.7450327373965665
-0.3049254583798515
-0.9939019569066535
-0.5062616612498129
0.5807093518268601
0.98021580046546
0.21930761792515854
-0.8012247906768953
-0.8732385470360203
0.08851881721811569
0.9454844299153231
0.6831516539264935
-0.38792055898421857
-0.9997584969866604
-0.42804645854732987
0.6504023342748304
0.9588815097055614
0.13220235275593667
-0.8509826923271134
-0.8267438960606563
0.17622398493497488
0.9705715902871297
0.6159217264687744
-0.4678783741810467
-0.9977872696961728
-0.34647979835649173
0.7150028887161619
0.930039504416137
0.04406198834392301
-0.8940776903141655
-0.7737761229134431
0.2625493790731846
0.9880595067934651
0.5438693423800163
-0.5441728616024037
-0.9880037090712214
-0.2622003197517216
0.774005214886395
0.8939156076420367
-0.04442336637892796
-0.930172365531246
-0.714749947156734
0.34681910129778004
0.9978112550244654
0.46755864720420426
-0.6162066614849214
-0.9704844170480315
-0.17586790224853552
0.8269473447352745
0.8507926571498969
-0.1325609013244261
-0.9589841090065238
-0.6501275235748956
0.4283733484823677
0.9997504821240781
0.3875871276058853
-0.6834157737925983
-0.9453665636960418
-0.08815849917244585
0.87341475947871
0.8010082909050854
-0.21966052971437283
-0.9802873346348117
-0.5804148236602842
0.5065735787421215
0.9938620046068314
0.3045809332537718
-0.7452739741443388
-0.9128468132231364
0.00024115482457501047
0.9130436351391941
0.7449523034818184
-0.30504029122420173
-0.993915245439678
-0.506157674029373
0.5808075109985235
0.9801919272393366
0.21918997428281808
-0.8012969339710231
-0.8731797841621071
0.08863892066173254
0.945523691163214
0.683063594104854
-0.3880316914992646
-0.9997611395367699
-0.4279374827868781
0.6504939189309655
0.9588472820557219
0.1320828327199664
-0.8510460126426874
-0.8266760557945543
0.17634267404187864
0.9706006198119478
0.615826730218553
-0.46798493623717446
-0.9977792455731029
-0.3463666872989907
0.7150871817802098
0.9299951903333825
0.043941527715359426
-0.894131691874754
-0.7736997364212518
0.2626657245482294
0.9880780773039517
0.543768153489388
-0.5442740188551307
-0.9879850811011135
-0.2620839590180966
0.7740815563724707
0.8938615540904912
-0.04454382443452984
-0.9302166255230845
-0.7146656125185826
0.3469321921956567
0.9978192211198698
0.46745205794760203
-0.6163016219075286
-0.9704553310815256
-0.17574920290356533
0.8270151369156314
0.8507292873503964
-0.13268041366165667
-0.9590182808890015
-0.6500359011021802
0.4284822993399938
0.9997477814325957
0.38747597254076216
-0.6835037938774287
-0.9453272474663157
-0.08803839059143684
0.8734734715637432
0.8009361010215039
-0.21977816059247413
-0.9803111508537671
-0.5803166307256548
0.5066775365115151
0.9938486582739533
0.3044660826863011
-0.7453543647242085
-0.912797574562833
0.00036173223247985457
0.9130928074333424
0.7448718587362739
-0.3051551196335978
-0.9939285195222557
-0.5060536794499508
0.5809056617258771
0.9801680397622884
0.2190723274536937
-0.8013690656151646
-0.8731210085931093
0.08875902281663585
0.9455629386642186
0.6829755243522126
-0.3881428183727517
-0.9997637675514395
-0.42782850080468066
0.6505854941296265
0.9588130404652855
0.13196331076365536
-0.8511093205849777
-0.8266082035094813
0.17646136058495165
0.9706296352252882
0.6157317250148807
-0.4680914914893102
-0.9977712069434077
-0.3462535712056947
0.7151714644476677
0.9299508627295091
0.04382106644793381
-0.8941856804356402
-0.7736233386803075
0.26278206620440026
0.9880966334488575
0.5436669566929621
-0.5443751681947053
-0.9879664387667768
-0.2619675944740558
0.7741578866042423
0.8938074875431705
-0.044664281842512955
-0.9302608719905847
-0.7145812674899705
0.34704527804951646
0.9978271727080676
0.46734546189475523
-0.6163965733697803
-0.9704262310056545
-0.17563050100339284
0.8270829170720875
0.8506659051822171
-0.1327999240698583
-0.9590524388283965
-0.6499442691786498
0.42859124396795323
0.9997450662058674
0.3873648118421597
-0.6835918040248571
-0.9452879174925595
-0.08791828073044537
0.8735321709494219
0.8008638994931824
-0.21989578827523995
-0.9803349528200644
-0.5802184293538526
0.5067814869143683
0.9938352974915965
0.3043512276922246
-0.7454347444674362
-0.9127483226314453
0.0004823096351255053
0.9131419664521143
0.7447914031611025
-0.3052699436063703
-0.9939417791541935
-0.5059496775130585
0.5810038040074941
0.9801441380346627
0.21895467743949593
-0.8014411856082714
-0.8730622203298813
0.0888791236810795
0.9456021724177662
0.6828874446698497
-0.38825393960306437
-0.9997663810306311
-0.427719512602322
0.6506770598694818
0.95877878493475
0.1318437868887413
-0.851172616153064
-0.8265403392064238
0.1765800445624684
0.9706586365267292
0.6156367108591386
-0.4681980399359046
-0.9977631538072042
-0.3461404500782483
0.71525573671731
0.9299065216051614
0.04370060454339753
-0.8942396559960387
-0.7735469296917212
0.2628984040400056
0.9881151752279126
0.5435657519922098
-0.5444763096196569
-0.9879477820684825
-0.26185122612129114
0.7742342055806001
0.8937534080008609
-0.04478473860112598
-0.9303051049331035
-0.7144969120721237
0.3471583588577153
0.9978351097889435
0.4672388590472136
-0.616491515870296
-0.9703971168208413
-0.1755117965497438
0.8271506852036572
0.8506025106462806
-0.13291943254729344
-0.9590865828242118
-0.6498526278056364
0.42870018236466195
0.9997423364439331
0.3872536455116941
-0.6836798042336041
-0.9452485737753448
-0.08779816959121768
0.8735908576348929
0.8007916863211706
-0.22001341276096015
-0.9803587405333575
-0.5801202195463053
0.5068854299491697
0.993821922259955
0.30423636827321227
-0.7455151133728533
-0.9126990574296895
0.0006028870307588984
0.9131911121947948
0.744710936757474
-0.3053847631408497
-0.9939550243352986
-0.5058456682202079
0.5811019378419476
0.980120222056807
0.2188370242419352
-0.8015132939492947
-0.8730034193732782
0.08899922325331733
0.9456413924232865
0.682799355059046
-0.3883650551885869
-0.9997689799743066
-0.4276105181813868
0.6507686161492001
0.9587445154646136
0.13172426109696195
-0.8512358993460261
-0.8264724628863686
0.17669872597270328
0.9706876237158492
0.6155416877527082
-0.46830458157540855
-0.9977550861646093
-0.3460273239182961
0.7153399985879119
0.9298621669609841
0.043580142003501986
-0.8942936185551651
-0.7734705094566038
0.26301473805335396
0.9881337026408475
0.5434645393886025
-0.544577443128515
-0.9879291110065017
-0.26173485396149426
0.7743105133004344
0.8936993154643486
-0.044905194708617605
-0.9303493243499976
-0.7144125462662688
0.3472714346186091
0.9978430323623818
0.4671322494065269
-0.6165864494076955
-0.9703679885275092
-0.17539308954434413
0.8272184413093554
0.8505391037435085
-0.13303893909222458
-0.959120712875951
-0.6497609769844723
0.42880911452853626
0.9997395921468323
0.3871424735509816
-0.68376779450239
-0.9452092163152437
-0.08767805717550009
0.8736495316193026
0.8007194615065185
-0.22013103404792453
-0.9803825139933006
-0.5800220013044408
0.5069893656144082
0.9938085325792235
0.30412150443093394
-0.7455954714392913
-0.9126497789582819
0.0007234644176269697
0.9132402446606696
0.7446304595265582
-0.3054995782353668
-0.9939682550653784
-0.5057416515729115
0.5812000632278108
0.9800962918290691
0.2187193678627221
-0.8015853906371864
-0.8729446057241546
0.08911932153160323
0.9456805986802092
0.682711255521082
-0.38847616512770383
-0.9997715643824283
-0.42750151754345955
0.6508601629674503
0.9587102320553745
0.13160473339005505
-0.8512991701629437
-0.8264045745503024
0.17681740481393082
0.9707165967922265
0.615446655696971
-0.4684111164062732
-0.9977470040157405
-0.3459141927274829
0.7154242500582478
0.9298177987976219
0.04345967882999857
-0.8943475681122347
-0.7733940779760661
0.26313106824275406
0.988152215687393
0.5433633188836118
-0.5446785687198091
-0.9879104255811059
-0.2616184779963573
0.7743868097626359
0.8936452099344201
-0.04502565016323652
-0.9303935302406241
-0.7143281700736321
0.3473845053305538
0.9978509404282675
0.4670256329742454
-0.6166813739805985
-0.9703388461260816
-0.17527437998891965
0.8272861853881971
0.8504756844748226
-0.1331584437029142
-0.959154828983118
-0.6496693167164902
0.42891804045799226
0.999736833314605
0.3870312959616385
-0.6838557748299358
-0.9451698451128283
-0.08755794348503888
0.8737081929017981
0.8006472250502761
-0.22024865213442307
-0.9804062731995479
-0.5799237746296872
0.5070932939085726
0.9937951284495966
0.30400663616705964
-0.7456758186655817
-0.9126004872179388
0.000844041793976655
0.9132893638490243
0.7445499714695252
-0.30561438888825215
-0.9939814713442406
-0.5056376275726814
0.5812981801636571
0.9800723473517968
0.21860170830356726
-0.8016574756708981
-0.8728857793833656
0.08923941851419111
0.9457197911879642
0.6826231460572388
-0.38858726941879973
0
0
0
0
0
0
0
0
0
0
0
0
0
0
0
0
0
0
0
0
0
0
0
0
0
0
0
0
0
0
0
0
0
0
0
0
0
0
0
0
0
0
0
0
0
0
0
0
0
0
0
0
0
0
0
0
0
0
0
0
0
0
0
0
0
0
0
0
0
0
0
0
0
0
0
0
0
0
0
0
0
0
0
0
0
0
0
0
0
0
0
0
0
0
0
0
0
0
0
0
0
0
0
0
0
0
0
0
0
0
0
0
0
0
0
0
0
0
0
0
0
0
0
0
0
0
0
0
0
0
0
0
0
0
0
0
0
0
0
0
0
0
0
0
0
0
0
0
0
0
0
0
0
0
0
0
0
0
0
0
0
0
0
0
0
0
0
0
0
0
0
0
0
0
0
0
0
0
0
0
0
0
0
0
0
0
0
0
0
0
0
0
0
0
0
0
0
0
0
0
0
0
0
0
0
0
0
0
0
0
0
0
0
0
0
0
0
0
0
0
0
0
0
0
0
0
0
0
0
0
0
0
0
0
0
0
0
0
0
0
0
0
0
0
0
0
0
0
0
0
0
0
0
0
0
0
0
0
0
0
0
0
0
0
0
0
0
0
0
0
0
0
0
0
0
0
0
0
0
0
0
0
0
0
0
0
0
0
0
0
0
0
0
0
0
0
0
0
0
0
0
0
0
0
0
0
0
0
0
0
0
0
0
0
0
0
0
0
0
0
0
0
0
0
0
0
0
0
0
0
0
0
0
0
0
0
0
0
0
0
0
0
0
0
0
0
0
0
0
0
0
0
0
0
0
0
0
0
0
0
0
0
0
0
0
0
0
0
0
0
0
0
0
0
0
0
0
0
0
0
0
0
0
0
0
0
0
0
0
0
0
0
0
0
0
0
0
0
0
0
0
0
0
0
0
0
0
0
0
0
0
0
0
0
0
0
0
0
0
0
0
0
0
0
0
0
0
0
0
0
0
0
0
0
0
0
0
0
0
0
0
0
0
0
0
0
0
0
0
0
0
0
0
0
0
0
0
0
0
0
0
0
0
0
0
0
0
0
0
0
0
0
0
0
0
0
0
0
0
0
0
0
0
0
0
0
0
0
0
0
0
0
0
0
0
0
0
0
0
0
0
0
0
0
0
0
0
0
0
0
0
0